LMPI in the network
Size (Bytes)        Latency(us)         Bandwidth(MB/s)
1                   4.041               0.236
2                   3.897               0.489
4                   3.902               0.978
8                   3.946               1.934
16                  4.227               3.609
32                  4.079               7.481
64                  4.059               15.038
128                 8.542               14.291
256                 8.625               28.306
512                 8.693               56.169
1024                8.960               108.988
2048                9.107               214.461
4096                10.378              376.403
8192                10.778              724.828
16384               12.544              1245.644
32768               14.793              2112.536
65536               163.148             383.087
131072              165.648             754.612
262144              207.053             1207.419
524288              41.921              11927.311
1048576             63.166              15831.295
2097152             105.846             18895.334
4194304             189.658             21090.548
8388608             357.849             22355.778
16777216            694.070             23052.431
33554432            1385.420            23097.684
67108864            2717.328            23552.552
134217728           5407.509            23670.786
268435456           10806.667           23689.079

LMPI in the shared memory 
Size (Bytes)        Latency(us)         Bandwidth(MB/s)
1                   24.911              0.038
2                   27.347              0.070
4                   25.002              0.153
8                   24.775              0.308
16                  25.571              0.597
32                  24.008              1.271
64                  25.010              2.440
128                 28.020              4.357
256                 24.108              10.127
512                 27.657              17.655
1024                22.854              42.730
2048                22.811              85.622
4096                27.606              141.501
8192                25.255              309.346
16384               23.364              668.757
32768               24.596              1270.533
65536               26.927              2321.071
131072              25.294              4941.811
262144              28.087              8900.892
524288              32.673              15303.171
1048576             71.121              14060.482
2097152             150.582             13281.774
4194304             384.549             10401.784
8388608             601.716             13295.311
16777216            1110.009            14414.301
33554432            2363.378            13539.940
67108864            4067.122            15735.941
134217728           10015.515           12780.172
268435456           22637.075           11308.882

Intel-MPI in the shared memory without progress
Size (Bytes)        Latency(us)         Bandwidth(MB/s)
1                   1.195               0.798
2                   1.421               1.343
4                   0.339               11.262
8                   0.313               24.394
16                  0.305               49.965
32                  0.306               99.857
64                  0.377               162.046
128                 0.411               297.167
256                 0.514               474.573
512                 0.762               641.081
1024                0.808               1209.211
2048                0.933               2092.744
4096                1.132               3451.048
8192                2.225               3512.009
16384               2.995               5217.376
32768               3.876               8062.885
65536               5.935               10530.290
131072              8.669               14419.511
262144              14.987              16680.880
524288              29.275              17079.628
1048576             56.392              17733.006
2097152             119.740             16702.857
4194304             280.716             14249.275
8388608             530.874             15069.481
16777216            1172.318            13648.179
33554432            2397.483            13347.332
67108864            6835.380            9363.049
134217728           17795.623           7192.780
268435456           39865.447           6421.601

Intel-MPI in the shared memory with a progress 
Size (Bytes)        Latency(us)         Bandwidth(MB/s)
1                   2.747               0.347
2                   2.502               0.762
4                   2.408               1.584
8                   2.516               3.033
16                  2.602               5.863
32                  2.790               10.937
64                  2.602               23.459
128                 3.964               30.797
256                 3.753               65.051
512                 3.881               125.825
1024                3.934               248.227
2048                4.062               480.780
4096                4.495               868.930
8192                4.523               1727.285
16384               4.603               3394.232
32768               5.232               5973.064
65536               6.708               9316.764
131072              8.844               14134.407
262144              12.817              19504.755
524288              22.382              22339.061
1048576             58.838              16995.752
2097152             157.387             12707.510
4194304             306.210             13062.913
8388608             611.305             13086.751
16777216            1202.512            13305.483
33554432            2653.868            12057.872
67108864            8058.291            7942.130
134217728           18397.171           6957.592
268435456           40096.682           6384.568

Intel-MPI in the network without a progress 
Size (Bytes)        Latency(us)         Bandwidth(MB/s)
1                   0.191               4.992
2                   0.145               13.158
4                   0.182               20.911
8                   0.191               40.022
16                  0.265               57.521
32                  0.155               196.709
64                  0.195               312.470
128                 4.241               28.781
256                 4.714               51.790
512                 4.495               108.638
1024                4.623               211.221
2048                4.629               421.974
4096                5.340               731.497
8192                6.498               1202.201
16384               8.212               1902.693
32768               10.271              3042.484
65536               113.955             548.461
131072              119.660             1044.627
262144              88.325              2830.471
524288              36.379              13744.189
1048576             57.450              17406.365
2097152             99.906              20018.903
4194304             184.183             21717.538
8388608             352.453             22698.080
16777216            688.729             23231.185
33554432            1361.347            23506.133
67108864            2713.487            23585.887
134217728           5408.409            23666.851
268435456           10779.834           23748.046

Intel-MPI in the network with a progress
Size (Bytes)        Latency(us)         Bandwidth(MB/s)
1                   2.631               0.362
2                   2.551               0.748
4                   2.577               1.480
8                   2.550               2.992
16                  2.624               5.815
32                  2.596               11.757
64                  2.645               23.079
128                 7.985               15.288
256                 8.459               28.860
512                 8.234               59.304
1024                8.193               119.200
2048                8.389               232.828
4096                9.550               409.015
8192                10.866              719.016
16384               12.562              1243.818
32768               15.908              1964.390
65536               154.030             405.765
131072              152.914             817.454
262144              195.985             1275.605
524288              43.467              11503.074
1048576             63.533              15739.835
2097152             106.787             18728.792
4194304             190.984             20944.138
8388608             359.947             22225.483
16777216            695.350             23009.998
33554432            1367.731            23396.422
67108864            2714.034            23581.131
134217728           5421.412            23610.085
268435456           10790.200           23725.232 
