LMPI multi-pingpong 2 host 2 ranks each
Size (Bytes)        Communication(us)   Computation(us)     Overall             Overlapping %
1048576             426.057             436.203             497.609             85.510
2097152             297.888             311.947             331.096             93.062
4194304             461.799             474.538             502.384             93.977
8388608             752.751             759.451             768.379             98.814
16777216            1387.356            1391.986            1411.318            98.605
33554432            2653.262            2654.238            2723.430            97.411
67108864            6406.749            6387.160            6397.569            100.000
134217728           15796.012           15724.555           15788.999           99.978
268435456           33427.910           33261.207           33390.451           100.000
Intel multi-pingpong 2 host 2 ranks each
Size (Bytes)        Communication(us)   Computation(us)     Overall             Overlapping %
1048576             391.801             407.329             792.758             1.637
2097152             570.988             579.777             1141.246            2.117
4194304             1020.379            1027.629            1976.986            6.949
8388608             2023.245            2025.826            3997.377            2.557
16777216            4004.354            3974.322            7782.751            4.993
33554432            8349.854            8289.657            16019.819           7.525
67108864            19105.496           18943.063           36823.167           6.531
134217728           40680.743           40265.759           80873.406           1.878
268435456           84978.934           83976.863           168506.692          3.104
==================
LMPI multi-pingpong 4 hosts 4 ranks each
Size (Bytes)        Communication(us)   Computation(us)     Overall             Overlapping %
1048576             845.341             857.321             932.795             90.743
2097152             758.555             771.260             829.529             92.276
4194304             1194.426            1202.909            1342.387            87.187
8388608             2379.929            2382.733            2610.600            89.677
16777216            4500.146            4493.538            4922.204            89.860
33554432            8827.409            8799.720            9644.916            89.762
67108864            17698.775           17624.806           18982.164           92.173
134217728           35762.855           35595.606           38436.607           91.997
268435456           70891.292           70536.171           77160.908           90.239
Intel multi-pingpong 4 hosts 4 ranks each
Size (Bytes)        Communication(us)   Computation(us)     Overall             Overlapping %
1048576             450.011             459.715             929.029             8.193
2097152             868.819             879.372             1803.967            1.322
4194304             1766.688            1769.663            3605.828            1.477
8388608             3600.500            3581.318            7242.155            1.768
16777216            7115.368            7071.869            14382.756           1.633
33554432            14931.582           14820.908           30016.791           2.003
67108864            31598.192           31339.951           63599.122           1.235
134217728           65388.687           64744.447           131840.566          1.698
268435456           131731.109          130519.294          264696.199          1.315
==================
LMPI multi-pingpong 8 hosts 2 ranks each
Size (Bytes)        Communication(us)   Computation(us)     Overall             Overlapping %
1048576             463.790             476.863             503.121             94.143
2097152             492.727             502.842             513.842             97.772
4194304             1004.109            1015.032            1049.196            96.586
8388608             1900.867            1906.513            1934.651            98.512
16777216            3719.994            3719.191            3757.344            99.016
33554432            7427.166            7413.158            7472.524            99.390
67108864            15038.348           14995.322           15150.852           99.258
134217728           30064.095           29964.994           30381.373           98.954
268435456           60025.985           59815.128           60579.377           99.091
Intel multi-pingpong 8 hosts 2 ranks each
Size (Bytes)        Communication(us)   Computation(us)     Overall             Overlapping %
1048576             373.377             385.992             728.969             9.270
2097152             644.413             655.700             1254.259            7.418
4194304             1065.929            1077.340            2086.065            6.385
8388608             2230.989            2237.674            4189.854            13.852
16777216            4623.152            4619.967            8356.264            19.717
33554432            9017.133            8998.338            16296.241           19.017
67108864            21228.031           21163.679           39705.969           16.774
134217728           48274.996           48108.926           89242.535           15.972
268435456           96585.337           96236.760           181427.741          15.385
==================
LMPI multi-pingpong 8 hosts 8 ranks each
Size (Bytes)        Communication(us)   Computation(us)     Overall             Overlapping %
1048576             1427.392            1435.920            1554.490            91.242
2097152             1705.377            1712.538            1831.051            92.492
4194304             2903.048            2903.320            3116.209            92.109
8388608             5535.505            5522.943            5951.090            91.383
16777216            11099.725           11057.661           11912.778           91.444
33554432            21957.857           21857.095           23424.484           92.590
67108864            44039.521           43815.498           47038.189           92.296
134217728           86450.338           86003.991           92062.205           92.771
268435456           531439.158          528645.468          713026.587          65.327
Intel multi-pingpong 8 hosts 8 ranks each
Size (Bytes)        Communication(us)   Computation(us)     Overall             Overlapping %
1048576             478.769             491.675             985.970             4.220
2097152             830.049             838.916             1671.258            3.104
4194304             1632.245            1636.559            3360.227            1.735
8388608             3319.583            3307.229            6733.928            3.078
16777216            7025.481            6988.748            14358.708           2.638
33554432            15037.243           14927.617           30843.486           2.207
67108864            31167.893           30913.043           63780.929           2.188
134217728           63483.873           62918.379           129200.256          2.454
268435456           127584.674          126445.048          258381.903          3.109
==================
LMPI multi-pingpong 8 hosts 18 ranks each
Size (Bytes)        Communication(us)   Computation(us)     Overall             Overlapping %
1048576             2365.012            2372.820            2558.177            92.031
2097152             2993.249            2998.185            3133.228            95.104
4194304             5352.881            5349.131            5630.410            94.750
8388608             12040.673           12012.769           13020.983           92.740
16777216            25501.276           25423.589           27851.558           91.937
33554432            48686.813           48522.675           52455.216           92.475
67108864            96018.754           95679.683           99642.238           96.154
134217728           230281.098          229442.649          242949.383          94.193
268435456           481547.949          479768.341          503036.099          95.310

Intel multi-pingpong 8 hosts 18 ranks each
Size (Bytes)        Communication(us)   Computation(us)     Overall             Overlapping %
1048576             992.356             1002.941            1901.952            11.677
2097152             1978.139            1984.446            3891.557            6.036
4194304             3957.955            3956.846            7837.077            4.178
8388608             7975.339            7959.142            15918.124           2.116
16777216            15993.436           15946.929           32137.590           0.995
33554432            32077.465           31970.440           64498.476           0.973
67108864            64230.423           64000.902           129288.753          0.738
134217728           128756.891          128281.242          259030.137          0.724
268435456           257676.157          256707.086          517442.942          0.666
==================
LMPI multi-pingpong 8 hosts 32 ranks each
Size (Bytes)        Communication(us)   Computation(us)     Overall             Overlapping %
1048576             3742.656            3753.591            4011.628            93.182
2097152             6099.478            6104.294            6467.308            94.045
4194304             13190.377           13170.084           13974.665           94.064
8388608             30010.910           29928.282           31557.199           94.861
16777216            59817.724           59633.704           63156.524           94.467
33554432            108753.016          108379.140          110369.147          98.510
67108864            270451.084          269478.912          278694.050          96.999
134217728           551703.137          549699.928          568360.973          97.013
268435456           1096276.200         1092283.301         1128361.512         97.092
Intel multi-pingpong 8 hosts 32 ranks each
Size (Bytes)        Communication(us)   Computation(us)     Overall             Overlapping %
1048576             1342.954            1352.571            2617.756            11.017
2097152             2709.984            2713.644            5330.205            8.502
4194304             5441.925            5435.453            10640.542           8.127
8388608             11121.564           11093.475           21962.471           5.984
16777216            22613.418           22541.453           45336.644           3.112
33554432            45521.985           45362.226           91971.986           1.874
67108864            91248.320           90916.034           185043.911          1.417
134217728           182875.301          182188.163          370670.674          1.383
268435456           365000.226          363611.352          739353.212          1.336


LMPI 2 hosts 72 rank each host
Size (Bytes)        Communication(us)   Computation(us)     Overall             Overlapping %
1048576             16920.012           16901.598           18353.857           91.559
2097152             31169.600           31086.840           33762.517           91.646
4194304             65349.652           65100.406           69443.991           93.673
8388608             132109.071          131538.615          139274.501          94.512
16777216            253678.431          252496.526          267609.510          94.424

Intel-MPI hosts 2 ranks 72 each

