LMPI number ranks=2 each progress=memcpy
Size (Bytes)        Communication(us)   Computation(us)     Overall             Overlapping %
1048576             390.168             365.341             431.581             87.655
2097152             744.049             693.980             755.367             97.253
4194304             1176.853            1096.331            1161.000            99.413
8388608             2104.103            1959.130            2076.561            99.784
16777216            4137.343            3850.672            4139.136            99.338
33554432            8316.238            7739.268            8322.256            99.507
67108864            16694.869           15536.104           16716.117           99.204
134217728           33417.670           31105.969           33382.871           99.486
268435456           66774.364           62183.226           66444.760           99.818


Intel-MPI number ranks=2 each–no-progress
Size (Bytes)        Communication(us)   Computation(us)     Overall             Overlapping %
1048576             320.016             333.226             650.109             1.908
2097152             633.789             657.784             1321.998            0.967
4194304             1287.270            1334.491            2728.198            0.639
8388608             2621.675            2717.119            5518.373            1.154
16777216            5278.435            5467.934            11023.587           0.678
33554432            10696.825           11080.359           22234.994           0.498
67108864            21545.302           22320.916           45206.886           0.285
134217728           43364.620           44915.359           91067.371           0.583
268435456           91946.597           95155.341           189252.290          2.554
Intel-MPI number ranks=2 each–with-progress
Size (Bytes)        Communication(us)   Computation(us)     Overall             Overlapping %
1048576             324.197             326.346             330.746             98.655
2097152             638.215             641.879             646.409             99.298
4194304             1290.239            1297.024            1314.911            98.539
8388608             2625.666            2638.785            2732.241            96.351
16777216            5484.164            5510.888            5607.044            98.312
33554432            11286.588           11340.782           11449.949           99.065
67108864            22908.300           23017.345           23261.137           99.019
134217728           46205.910           46425.066           46806.149           99.252
268435456           91154.024           91585.761           92556.670           99.035
==============================
LMPI number ranks=8 each progress=memcpy
Size (Bytes)        Communication(us)   Computation(us)     Overall             Overlapping %
1048576             1289.711            1204.076            1328.386            95.580
2097152             1981.730            1847.503            1994.102            98.607
4194304             3275.394            3050.559            3223.931            99.868
8388608             5924.975            5515.721            5956.533            98.894
16777216            11560.855           10760.149           11538.712           99.466
33554432            24368.850           22683.239           24260.333           99.176
67108864            55209.649           51393.424           55397.119           98.642
134217728           138590.149          129000.569          141238.110          96.783
268435456           295287.678          274841.720          301639.976          96.932


Intel-MPI number ranks=8 each
Size (Bytes)        Communication(us)   Computation(us)     Overall             Overlapping %
1048576             1278.937            1326.115            2675.174            0.264
2097152             2574.082            2667.712            5403.911            0.262
4194304             5190.101            5378.824            10930.534           0.581
8388608             10426.227           10804.954           21976.756           0.750
16777216            20908.933           21667.798           44187.052           0.780
33554432            42294.504           43833.713           88516.379           1.002
67108864            84791.404           87880.559           176750.408          1.033
134217728           167982.055          174121.362          354882.260          0.980
268435456           354588.888          367012.932          761701.069          0.716

Size (Bytes)        Communication(us)   Computation(us)     Overall             Overlapping %
1048576             1265.677            1272.391            1277.903            99.565
2097152             2555.175            2568.109            2575.853            99.697
4194304             5234.653            5260.566            5265.728            99.901
8388608             10572.659           10624.341           10651.778           99.748
16777216            21286.550           21390.036           21414.323           99.893
33554432            42739.758           42946.940           43010.809           99.857
67108864            85876.867           86292.199           86717.552           99.490
134217728           169101.574          169918.625          169958.307          99.976
268435456           345060.984          346730.429          347120.281          99.886
==============================
LMPI number ranks=18 each progress=memcpy
Size (Bytes)        Communication(us)   Computation(us)     Overall             Overlapping %
1048576             2687.196            2503.273            2685.773            98.825
2097152             4039.056            3758.851            4038.030            99.049
4194304             7103.480            6607.140            7185.551            98.019
8388608             14499.293           13482.047           14667.284           97.702
16777216            28238.561           26256.892           29041.364           96.122
33554432            65109.555           60538.340           65173.572           98.339
67108864            148905.116          138448.447          150840.246          97.249
134217728           319826.684          297356.207          322463.833          98.104
268435456           656115.745          610016.938          661354.999          98.089


Intel-MPI number ranks=18 each
Size (Bytes)        Communication(us)   Computation(us)     Overall             Overlapping %
1048576             3151.972            3266.696            6507.953            0.473
2097152             6272.247            6501.658            12898.453           0.505
4194304             12552.779           13011.434           25591.506           0.764
8388608             25151.256           26071.780           51219.357           0.750
16777216            50352.536           52203.973           102580.791          0.658
33554432            101093.884          104815.066          205615.438          0.741
67108864            203129.714          210603.261          411272.284          1.341
134217728           405602.657          420546.139          819271.330          1.861
268435456           828015.205          857151.763          1668285.197         2.232
Size (Bytes)        Communication(us)   Computation(us)     Overall             Overlapping %
1048576             3304.288            3319.557            3373.725            98.401
2097152             6531.616            6561.174            6695.257            98.018
4194304             13013.738           13072.014           13326.185           98.114
8388608             26041.076           26156.997           26606.732           98.334
16777216            52143.967           52375.408           53097.953           98.663
33554432            106972.404          107446.627          109670.903          97.930
67108864            213519.253          214464.947          216814.957          98.908
134217728           401503.084          403280.437          403359.039          99.980
268435456           804221.993          807781.645          807884.993          99.987
==============================
LMPI number ranks=32 each progress=memcpy
Size (Bytes)        Communication(us)   Computation(us)     Overall             Overlapping %
1048576             4720.180            4388.719            4705.075            99.505
2097152             8053.409            7481.609            8184.328            97.698
4194304             17504.307           16253.502           17590.727           98.369
8388608             36864.776           34227.194           38976.895           93.350
16777216            66347.797           61604.817           70116.780           93.113
33554432            191840.781          178100.740          194448.578          97.769
67108864            367820.510          341473.917          371165.602          98.213
134217728           757864.322          703544.880          761147.343          98.674
268435456           1526050.183         1416686.012         1525077.486         98.880


Intel-MPI number ranks=32 each
Size (Bytes)        Communication(us)   Computation(us)     Overall             Overlapping %
1048576             6239.599            6462.264            12952.674           0.601
2097152             12424.789           12867.833           25473.417           0.652
4194304             24896.246           25786.369           50590.488           0.944
8388608             49852.793           51639.147           101113.747          0.908
16777216            99766.242           103347.783          202363.205          0.775
33554432            199561.967          206740.690          405219.261          0.573
67108864            399825.498          414211.163          810090.421          0.988
134217728           799373.100          828169.338          1619135.680         1.053
268435456           1510530.388         1563877.786         3029667.508         3.076

Size (Bytes)        Communication(us)   Computation(us)     Overall             Overlapping %
1048576             5828.865            5851.832            5904.065            99.104
2097152             11621.353           11666.370           11730.304           99.450
4194304             23304.577           23394.121           23460.100           99.718
8388608             46758.901           46937.727           47021.965           99.821
16777216            93643.656           94001.147           94153.397           99.839
33554432            187458.784          188173.379          188351.243          99.906
67108864            377497.347          378935.381          380142.442          99.682
134217728           754525.170          757398.391          759468.856          99.727
268435456           1510412.161         1516179.530         1519240.830         99.796
==============================
LMPI number ranks=50 each
Size (Bytes)        Communication(us)   Computation(us)     Overall             Overlapping %
1048576             7267.042            6740.796            7384.836            97.674
2097152             17093.620           15835.384           17617.527           96.168
4194304             39438.162           36523.452           40475.670           96.703
8388608             84596.516           78344.212           85707.181           97.839
16777216            166954.357          154617.454          168692.948          98.032
33554432            365127.759          338116.425          373505.054          97.306
67108864            626204.270          579871.148          639780.664          97.369
134217728           1272422.267         1178206.564         1295616.899         97.647
268435456           2569138.055         2378843.430         2606415.740         97.918

Intel-MPI number ranks=50 each
Size (Bytes)        Communication(us)   Computation(us)     Overall             Overlapping %
1048576             9378.512            9711.001            18944.704           1.817
2097152             18718.745           19383.839           37850.650           1.550
4194304             37439.702           38773.599           75855.240           1.161
8388608             74974.360           77660.046           152077.578          0.954
16777216            150025.583          155422.074          304481.424          0.819
33554432            300473.463          311285.295          609422.231          0.931
67108864            608146.603          630010.968          1225654.683         2.134
134217728           1215194.254         1258925.720         2433481.675         3.419
268435456           2360092.823         2443474.679         4723540.742         3.496

Size (Bytes)        Communication(us)   Computation(us)     Overall             Overlapping %
1048576             8936.911            8966.409            9046.039            99.109
2097152             17792.586           17850.464           17948.117           99.451
4194304             35543.996           35658.675           35791.923           99.626
8388608             71206.180           71434.934           71572.654           99.807
16777216            142509.761          142966.415          143129.696          99.886
33554432            287098.030          288016.879          289922.100          99.336
67108864            580514.543          582371.209          584753.388          99.590
134217728           1157019.657         1160717.807         1162539.492         99.840
268435456           2250236.677         2257348.136         2260219.375         99.871
==============================


