LMPI 16 nodes, 1 rank each
Size (Bytes)        Communication(us)   Computation(us)     Overall             Overlapping %
1048576             327.943             341.427             354.249             96.131
2097152             594.624             617.140             630.764             97.672
4194304             994.198             1030.570            1054.163            97.591
8388608             2003.429            2075.822            2157.565            95.786
16777216            3954.345            4094.672            4260.449            95.684
33554432            7853.778            8130.570            8436.338            95.812
67108864            15517.439           16064.019           16732.272           95.379
134217728           30671.643           31745.698           33155.542           95.133
268435456           60975.838           63111.795           66294.418           94.594

Intel-MPI 16 nodes, 1 rank each without progress
Size (Bytes)        Communication(us)   Computation(us)     Overall             Overlapping %
1048576             325.594             327.792             680.762             2.388
2097152             555.724             559.030             1140.881            1.174
4194304             1039.137            1045.069            2231.860            0.447
8388608             2019.585            2029.980            4345.999            1.056
16777216            3993.021            4012.870            8477.514            0.798
33554432            7868.719            7907.337            16807.065           0.832
67108864            15398.784           15472.702           32991.150           0.921
134217728           29697.701           29841.094           64342.616           0.967
268435456           59083.576           59371.285           127643.235          1.363
Intel-MPI 16 nodes, 1 rank each with progress
Size (Bytes)        Communication(us)   Computation(us)     Overall             Overlapping %
1048576             332.047             334.272             355.161             93.715
2097152             559.403             562.680             596.306             93.949
4194304             1003.648            1008.956            1292.417            71.864
8388608             1905.138            1914.795            2037.087            93.355
16777216            3712.383            3730.618            4027.366            91.724
33554432            7552.849            7589.556            8083.883            93.205
67108864            15070.746           15143.779           16328.598           91.843
134217728           30232.741           30374.241           32076.196           94.073
268435456           57222.906           57497.298           61511.608           92.811
==================================================

LMPI 16 nodes, 4 ranks each
Size (Bytes)        Communication(us)   Computation(us)     Overall             Overlapping %
1048576             957.213             994.929             1061.301            92.695
2097152             1418.327            1471.487            1565.581            92.777
4194304             2280.944            2363.976            2487.279            93.872
8388608             3974.777            4120.238            4345.147            93.530
16777216            7601.258            7866.752            8288.206            93.643
33554432            14676.107           15186.518           16098.295           92.874
67108864            28988.535           29996.163           31631.519           93.381
134217728           57061.532           59045.105           62295.787           93.294
268435456           113332.852          117269.179          124446.833          92.390

Intel-MPI 16 nodes, 4 ranks each, without progress thread
Size (Bytes)        Communication(us)   Computation(us)     Overall             Overlapping %
1048576             483.201             486.153             963.212             11.804
2097152             860.319             865.628             1761.467            2.191
4194304             1261.628            1268.299            2383.000            11.874
8388608             2495.184            2507.827            4796.433            9.401
16777216            5246.103            5277.429            10462.667           4.178
33554432            12319.605           12378.108           24228.405           5.568
67108864            25664.471           25785.804           50570.944           6.577
134217728           52140.288           52387.664           105281.641          3.526
268435456           105347.159          105849.893          209458.240          5.889

Intel-MPI 16 nodes, 4 ranks each, with progress thread inter-NUMA	
Size (Bytes)        Communication(us)   Computation(us)     Overall             Overlapping %
1048576             593.249             596.717             616.997             96.218
2097152             1158.724            1164.922            1282.275            89.668
4194304             2181.271            2192.321            2256.818            96.598
8388608             4392.093            4413.813            4595.051            95.486
16777216            9195.241            9239.648            9486.133            97.075
33554432            20197.819           20294.774           20725.507           97.744
67108864            39349.742           39536.612           40193.627           98.169
134217728           80789.677           81175.318           83390.533           96.920
268435456           163402.965          164185.287          167219.402          97.990

==================================================
LMPI 16 nodes, 9 ranks each
Size (Bytes)        Communication(us)   Computation(us)     Overall             Overlapping %
1048576             1586.920            1480.757            1691.461            92.240
2097152             2583.129            2406.483            2758.539            91.726
4194304             4392.365            4087.159            4520.310            94.933
8388608             7999.856            7434.410            8543.219            91.087
16777216            15348.744           14260.354           16272.597           91.796
33554432            30947.094           28750.053           32589.583           92.429
67108864            62627.032           58174.835           65083.000           93.182
134217728           123304.908          114530.628          129411.425          91.637
268435456           5109978.688         4745236.168         6077689.090         76.704

Intel-MPI without progress thread
Size (Bytes)        Communication(us)   Computation(us)     Overall             Overlapping %
1048576             642.882             646.677             1209.890            13.922
2097152             1093.952            1099.884            2114.579            9.404
4194304             2287.487            2299.128            4367.875            10.149
8388608             4941.566            4965.807            9288.520            13.202
16777216            10873.180           10925.446           20481.399           13.217
33554432            22563.329           22670.486           43155.250           10.892
67108864            46152.986           46375.763           88692.388           9.870
134217728           94177.900           94632.469           174588.604          15.974
268435456           189372.374          190289.335          352056.632          15.630

Intel-MPI with progress thread
Size (Bytes)        Communication(us)   Computation(us)     Overall             Overlapping %
1048576             737.243             741.409             765.997             96.315
2097152             1359.622            1366.804            1398.819            97.456
4194304             2940.679            2955.318            3022.055            97.463
8388608             6049.676            6079.086            6194.173            97.821
16777216            12823.016           12884.451           13167.755           97.512
33554432            25391.580           25511.443           25971.532           97.960
67108864            49557.974           49792.262           50607.264           98.155
134217728           99191.939           99667.199           102227.082          97.107
268435456           204716.353          205703.553          210100.173          97.570
