LMPI shared-memory send-recv semantic
Size (Bytes)        Latency(us)         Bandwidth(MB/s)
1048576             35.398              28250.566
2097152             134.092             14915.107
4194304             262.669             15228.287
8388608             517.954             15445.378
16777216            1028.364            15558.694
33554432            2065.451            15492.986
67108864            5141.400            12447.971
134217728           14621.036           8754.509
268435456           32988.915           7760.182
LMPI shared-memory memcpy semantic 
Size (Bytes)        Latency(us)         Bandwidth(MB/s)
1048576             66.885              14951.136
2097152             140.648             14219.923
4194304             251.580             15899.529
8388608             506.973             15779.924
16777216            1005.021            15920.060
33554432            1958.928            16335.462
67108864            4362.724            14669.733
134217728           10135.592           12628.764
268435456           22108.349           11579.336
Intel-MPI shared memory send-recv semantic
Size (Bytes)        Latency(us)         Bandwidth(MB/s)
1048576             116.976             8548.762
2097152             255.565             7825.802
4194304             560.878             7131.671
8388608             1156.991            6914.486
16777216            2303.676            6945.421
33554432            4629.252            6912.564
67108864            9387.583            6817.516
134217728           18919.953           6765.344
268435456           38824.501           6593.774

LMPI inter-node send-recv semantic
Size (Bytes)        Latency(us)         Bandwidth(MB/s)
1048576             241.200             4145.930
2097152             251.245             7960.368
4194304             186.646             21430.937
8388608             354.651             22557.380
16777216            691.045             23153.341
33554432            1363.610            23467.127
67108864            2709.123            23623.880
134217728           5401.906            23695.338
268435456           10782.930           23741.227

Intel-MPI  Inter-node  send-recv semantic
Size (Bytes)        Latency(us)         Bandwidth(MB/s)
1048576             211.795             4721.553
2097152             229.994             8695.864
4194304             182.716             21891.938
8388608             350.407             22830.611
16777216            686.878             23293.800
33554432            1359.735            23534.005
67108864            2705.139            23658.670
134217728           5396.065            23720.990
268435456           10778.567           23750.839


LMPI shared memory memcpy senantic
Size(Bytes)         Compute time(us)    Comm time(us)       Total time(us)      Overlap(%)
1048576             80.491              76.007              86.735              91.785
2097152             147.695             144.617             154.144             95.541
4194304             274.555             271.387             283.956             96.536
8388608             517.740             517.976             522.429             99.140
16777216            1028.261            1031.627            1032.365            99.928
33554432            1946.692            1955.487            1954.217            100.000
67108864            5995.389            6029.900            5999.972            100.000
134217728           15283.307           15376.770           15298.579           100.000
268435456           32559.891           32763.267           32700.641           100.000
LMPI Shared memory send_recv semantic
Size(Bytes)         Compute time(us)    Comm time(us)       Total time(us)      Overlap(%)
1048576             134.736             132.448             140.126             95.930
2097152             262.395             259.746             268.359             97.704
4194304             505.390             505.322             529.028             95.322
8388608             1011.516            1015.283            1123.017            89.349
16777216            2021.572            2031.148            2184.501            92.414
33554432            5510.688            5542.701            6619.446            80.461
67108864            15740.915           15838.742           17374.587           90.243
134217728           37103.209           37337.824           40004.166           92.814
268435456           77734.556           78228.781           80943.121           96.508

Intel-MPI shared memory send_recv semantic-no progress
Size(Bytes)         Compute time(us)    Comm time(us)       Total time(us)      Overlap(%)
1048576             201.015             200.180             398.847             1.173
2097152             442.068             441.441             885.221             0.000
4194304             933.205             935.743             1865.473            0.372
8388608             1860.008            1868.606            3722.527            0.327
16777216            3711.966            3732.461            7535.042            0.000
33554432            7608.167            7653.998            15250.096           0.159
67108864            15777.198           15875.361           31642.852           0.062
Intel-MPI shared memory send_recv semantic-with progress
Size(Bytes)         Compute time(us)    Comm time(us)       Total time(us)      Overlap(%)
1048576             196.393             195.227             391.236             0.197
2097152             453.156             452.520             908.348             0.000
4194304             955.565             958.195             1911.075            0.281
8388608             1917.601            1926.545            3843.308            0.044
16777216            3848.964            3870.407            7734.660            0.000
33554432            7724.362            7771.335            15475.325           0.264
67108864            16024.982           16126.485           32171.195           0.000
134217728           34335.150           34555.782           68945.235           0.000
268435456           71089.131           71550.083           142622.525          0.023
